58
58
58
38
15
15
15
15
15
57
57
57
57
57
57
14
14
14
14
14
14
59
59
59
59
59
37
37
37
37
37
29
29
29
29
29
30
30
30
30
30
30
30
30
32
32
32
12
12
12
12
35
35
61
61
61
61
61
63
63
33
33
33
33
33
33
33
33
33
33
10
10
10
10
42
1
1
1
54
54
43
2
2
2
2
13
13
13
60
36
36
36
3
3
3
52
52
44
44
44
44
44
44
44
22
51
51
45
45
45
4
4
4
62
11
34
34
34
34
41
41
41
41
41
0
0
0
55
46
50
50
50
5
5
17
17
17
17
17
28
28
28
48
7
7
7
7
23
23
23
23
31
31
31
31
31
21
21
20
20
20
20
20
40
25
25
25
25
18
18
18
24
39
39
47
47
6
6
6
6
27
27
27
27
16
16
16
16
16
9
9
8
8
56
56
56
19
19
19
26
